——————————————————————————————————————————————————————————————————————————————
               Estimate  Std. Error  z value  Pr(>|z|)     OR  lower     upper 
——————————————————————————————————————————————————————————————————————————————
(Intercept)      -2.389       5.179   -0.461      .645  0.092  0.000  2347.777 
Gender            0.618       0.767    0.805      .421  1.855  0.412     8.340 
Age>=60           0.136       0.558    0.244      .808  1.145  0.384     3.417 
BMI              -0.004       0.076   -0.053      .958  0.996  0.859     1.155 
OP               -0.035       0.587   -0.060      .952  0.965  0.306     3.047 
hs.TnT           -0.003       0.002   -1.840      .066  0.997  0.993     1.000 
NT.proBNP         0.000       0.000    1.387      .165  1.000  1.000     1.000 
CKMB             -0.026       0.038   -0.687      .492  0.974  0.904     1.050 
Myo               0.002       0.001    2.488      .013  1.002  1.000     1.003 
ALB              -0.036       0.100   -0.362      .717  0.964  0.793     1.173 
TB                0.036       0.071    0.499      .618  1.036  0.901     1.192 
SCr               0.017       0.006    2.910      .004  1.018  1.006     1.030 
BUN              -0.051       0.082   -0.617      .537  0.950  0.809     1.117 
Hb               -0.008       0.028   -0.267      .790  0.992  0.939     1.049 
RBC              -0.008       0.835   -0.009      .992  0.992  0.193     5.097 
PLT              -0.008       0.006   -1.372      .170  0.992  0.980     1.004 
APTT              0.004       0.010    0.404      .686  1.004  0.984     1.025 
PT               -0.193       0.172   -1.125      .261  0.824  0.588     1.154 
FB               -0.015       0.188   -0.080      .936  0.985  0.682     1.424 
D.D              -0.015       0.039   -0.400      .689  0.985  0.913     1.062 
HBP               0.339       0.540    0.628      .530  1.404  0.487     4.044 
DM                0.052       0.991    0.053      .958  1.054  0.151     7.350 
CVA             -15.731    2034.556   -0.008      .994  0.000  0.000       Inf 
CVD             -18.214    1752.005   -0.010      .992  0.000  0.000       Inf 
CKD               0.610       1.512    0.404      .687  1.841  0.095    35.685 
PE                1.682       0.580    2.898      .004  5.376  1.723    16.767 
Kidney            0.566       0.518    1.092      .275  1.761  0.638     4.861 
Pr.LAC            0.134       0.155    0.862      .389  1.143  0.843     1.550 
PO.LAC            0.243       0.091    2.663      .008  1.275  1.066     1.524 
TCPB.min.         0.003       0.007    0.395      .693  1.003  0.989     1.017 
BCPB.min.        -0.003       0.011   -0.277      .782  0.997  0.976     1.018 
OPT.h.            0.024       0.041    0.592      .554  1.024  0.946     1.110 
RBC.u.           -0.087       0.114   -0.760      .447  0.917  0.733     1.147 
FFP.ml.           0.000       0.001    0.280      .780  1.000  0.998     1.003 
AHF.u.           -0.001       0.121   -0.010      .992  0.999  0.788     1.266 
TrPLT>1           1.766       1.024    1.725      .084  5.850  0.786    43.513 
——————————————————————————————————————————————————————————————————————————————
Null deviance: 245.1(df: 351), Residual deviance: 146(df: 316) AIC:218
  (因为不存在，2个观察量被删除了)
Number of Fisher Scoring iterations: 17 