——————————————————————————————————————————————————————————————————————————————
               Estimate  Std. Error  z value  Pr(>|z|)     OR  lower     upper 
——————————————————————————————————————————————————————————————————————————————
(Intercept)      -2.119       5.028   -0.421      .673  0.120  0.000  2289.571 
Gender            0.664       0.754    0.881      .378  1.943  0.443     8.511 
Age>=60           0.181       0.547    0.331      .740  1.199  0.410     3.506 
BMI               0.005       0.071    0.074      .941  1.005  0.875     1.155 
OP               -0.036       0.491   -0.073      .942  0.965  0.369     2.525 
hs.TnT           -0.003       0.002   -1.757      .079  0.997  0.994     1.000 
NT.proBNP         0.000       0.000    1.493      .136  1.000  1.000     1.000 
CKMB             -0.028       0.037   -0.749      .454  0.972  0.904     1.046 
Myo               0.002       0.001    2.532      .011  1.002  1.000     1.003 
ALB              -0.029       0.096   -0.299      .765  0.972  0.804     1.174 
TB                0.028       0.069    0.411      .681  1.029  0.898     1.178 
SCr               0.018       0.006    3.153      .002  1.019  1.007     1.030 
BUN              -0.072       0.079   -0.913      .361  0.931  0.797     1.086 
Hb               -0.008       0.028   -0.281      .779  0.992  0.939     1.049 
RBC               0.009       0.824    0.011      .991  1.009  0.201     5.073 
PLT              -0.008       0.006   -1.296      .195  0.992  0.981     1.004 
APTT              0.002       0.012    0.201      .840  1.002  0.979     1.026 
PT               -0.197       0.172   -1.146      .252  0.822  0.587     1.150 
FB               -0.020       0.184   -0.109      .913  0.980  0.683     1.407 
D.D              -0.017       0.036   -0.466      .642  0.983  0.916     1.056 
HBP               0.320       0.533    0.599      .549  1.377  0.484     3.917 
DM               -0.047       0.989   -0.047      .963  0.955  0.137     6.633 
CVA             -15.844    2024.723   -0.008      .994  0.000  0.000       Inf 
CVD             -18.575    1734.374   -0.011      .991  0.000  0.000       Inf 
CKD               0.742       1.427    0.520      .603  2.101  0.128    34.440 
PE                1.771       0.559    3.168      .002  5.878  1.965    17.581 
Kidney            0.594       0.514    1.155      .248  1.811  0.661     4.958 
Pr.LAC            0.147       0.155    0.948      .343  1.158  0.855     1.568 
PO.LAC            0.226       0.079    2.861      .004  1.253  1.074     1.463 
FFP.ml.          -0.000       0.001   -0.162      .871  1.000  0.998     1.002 
AHF.u.            0.011       0.114    0.099      .921  1.011  0.808     1.265 
TrPLT>1           1.801       1.006    1.790      .073  6.057  0.843    43.533 
——————————————————————————————————————————————————————————————————————————————
Null deviance: 249.7(df: 353), Residual deviance: 147.5(df: 322) AIC:211.5
Number of Fisher Scoring iterations: 17 